g = 5.811356684999453
r = 5.62332333309341
i = 5.5179346028364975
