g = 0.06232709757532362
r = -0.028997272641888117
i = -0.0613572780256586
