g = 4.532290599184023
r = 4.427417409250026
i = 4.4651015225447495
