g = 0.0428541281773267
r = -0.03680264394420618
i = -0.08691156844924208
