g = 0.057649276094423385
r = -0.0578158976347396
i = -0.13868780698405914
