g = 0.024046561555849166
r = -0.07830749767136069
i = -0.1521703776322525
