g = 0.024046561555849166
r = -0.2586501623821391
i = 0.1489283059406148
