g = 0.03810181363104448
r = -0.25833449618340865
i = 0.1505943749713765
