zeropoint = 29.095042187971785
filter = "Sloan_g"
zeropoint_err = 0.0223937905891854
airmass = 1.11968952945927
atm_ext = 0.1679534294188905
atm_ext_err = 0.0223937905891854
standard_star = "PG1528+062B"
standard_mag = 12.247
ap_corr = -0.12605631834676956
ap_corr_radius = 10
