zeropoint = 28.975363559072715
filter = "Sloan_r"
zeropoint_err = 0.011765774782768901
airmass = 1.17657747827689
atm_ext = 0.08236042347938231
atm_ext_err = 0.011765774782768901
standard_star = "PG1528+062B"
standard_mag = 11.828
ap_corr = -0.2317907752923105
ap_corr_radius = 10
