g = 0.19331993802069292
r = -0.005317080190891943
i = -0.0805007990800064
