g = 0.28640141232489214
r = 0.016760480233912745
i = -0.0537826594315689
