g = 0.07349643480359802
r = 0.004384925861874223
i = -0.05897631292140382
