g = 4.647843978242861
r = 4.532374989816432
i = 4.400885862449535
