g = 0.06105128861472586
r = 0.0016128973514550893
i = -0.0603180991854515
