g = 0.06978962480328832
r = 0.0005223408450785172
i = -0.0608376586487136
