g = 5.834205291109072
r = 5.73587216121841
i = 5.637778801063426
