g = 0.20926060421942339
r = -0.19505629794122115
i = 0.21177353604315385
