g = 0.1955591653156148
r = -0.004730093649143896
i = -0.08294363584148101
