g = 0.1955591653156148
r = -0.18507275835992232
i = 0.21815504773138628
