g = 0.4029019397228346
r = 0.3090384229596026
i = 0.26503285308777436
