g = 0.553594252901064
r = 0.2585932133882096
i = 0.21741895113361664
