g = 0.4939869751041819
r = 0.352873339644006
i = 0.2914174401855263
