g = 6.008949897127138
r = 5.7491465924470475
i = 5.713258546928294
