g = 0.5684930299091207
r = 0.2886325238435319
i = 0.24408797655475922
