g = 4.983403823213564
r = 4.7388521550386
i = 4.665058416465648
