g = 0.553594252901064
r = 0.07799019558905229
i = 0.5185176347064839
