g = 0.553594252901064
r = 0.2583328602998307
i = 0.21741895113361664
