zeropoint = 28.70035484951632
filter = "Sloan_i"
zeropoint_err = 0.011210367949664499
airmass = 1.12103679496645
atm_ext = 0.044841471798657995
atm_ext_err = 0.011210367949664499
standard_star = "PG1528+062B"
standard_mag = 11.684999999999999
ap_corr = -0.1644724317384174
ap_corr_radius = 10
